#REFERENCE 3 133.6935800 -1.3603200
1	0.000000	-11.234629	2.848435	-1.966135	
1	-0.246436	-10.937500	2.843019	-1.726237	
2	-0.781250	-10.240895	2.848252	-1.189201	
2	-0.843877	-10.156250	2.850490	-1.126369	
3	-0.781250	-10.240895	2.848252	-1.189201	
3	-0.246436	-10.937500	2.843019	-1.726237	
4	-0.843877	-10.156250	2.850490	-1.126369	
4	-1.380382	-9.375000	2.886080	-0.570695	
5	-1.562500	-9.075307	2.906449	-0.368607	
5	-1.858156	-8.593750	2.945955	-0.059187	
6	-1.858156	-8.593750	2.945955	-0.059187	
6	-2.273949	-7.812500	3.026645	0.408273	
7	-1.562500	-9.075307	2.906449	-0.368607	
7	-1.380382	-9.375000	2.886080	-0.570695	
8	-2.343750	-7.658891	3.044803	0.495582	
8	-2.650030	-7.031250	3.123908	0.827664	
9	-2.343750	-7.658891	3.044803	0.495582	
9	-2.273949	-7.812500	3.026645	0.408273	
10	-2.650030	-7.031250	3.123908	0.827664	
10	-2.968137	-6.250000	3.234261	1.199317	
11	-3.125000	-5.773105	3.306868	1.403233	
11	-3.239678	-5.468750	3.352657	1.518663	
12	-3.239678	-5.468750	3.352657	1.518663	
12	-3.467769	-4.687500	3.473177	1.781245	
13	-3.467769	-4.687500	3.473177	1.781245	
13	-3.646525	-3.906250	3.589360	1.983293	
14	-3.646525	-3.906250	3.589360	1.983293	
14	-3.806825	-3.125000	3.688947	2.114621	
15	-3.125000	-5.773105	3.306868	1.403233	
15	-2.968137	-6.250000	3.234261	1.199317	
16	-4.687500	-1.699674	3.656847	2.133943	
16	-4.792146	-1.562500	3.634217	2.129859	
17	-3.906250	-2.780838	3.720112	2.145070	
17	-4.040663	-2.343750	3.747137	2.163757	
18	-3.906250	-2.780838	3.720112	2.145070	
18	-3.806825	-3.125000	3.688947	2.114621	
19	-4.687500	-1.699674	3.656847	2.133943	
19	-4.040663	-2.343750	3.747137	2.163757	
20	-5.468750	-0.986358	3.416215	2.114382	
20	-5.644794	-0.781250	3.344110	2.115123	
21	-5.468750	-0.986358	3.416215	2.114382	
21	-4.792146	-1.562500	3.634217	2.129859	
22	-6.250000	-0.193049	3.050550	2.137080	
22	-5.644794	-0.781250	3.344110	2.115123	
23	-6.250000	-0.193049	3.050550	2.137080	
23	-6.407453	0.000000	2.960739	2.148651	
24	9.375000	-14.236740	3.964591	-6.875426	
24	9.518402	-14.062500	3.931633	-6.826038	
25	9.518402	-14.062500	3.931633	-6.826038	
25	10.004620	-13.281250	3.745144	-6.565353	
26	10.156250	-12.924107	3.640277	-6.428463	
26	10.306559	-12.500000	3.507113	-6.262025	
27	10.004620	-13.281250	3.745144	-6.565353	
27	10.156250	-12.924107	3.640277	-6.428463	
28	6.250000	-15.287177	3.774526	-6.431817	
28	7.031250	-15.320027	3.898056	-6.715184	
29	7.031250	-15.320027	3.898056	-6.715184	
29	7.812500	-15.199692	3.990792	-6.906104	
30	7.812500	-15.199692	3.990792	-6.906104	
30	8.593750	-14.876433	4.029636	-6.978616	
31	8.593750	-14.876433	4.029636	-6.978616	
31	8.642314	-14.843750	4.027851	-6.975549	
32	8.642314	-14.843750	4.027851	-6.975549	
32	9.375000	-14.236740	3.964591	-6.875426	
33	4.687500	-14.856457	3.485907	-5.640115	
33	4.661428	-14.843750	3.480454	-5.623150	
34	3.906250	-14.496226	3.341239	-5.157982	
34	4.661428	-14.843750	3.480454	-5.623150	
35	3.906250	-14.496226	3.341239	-5.157982	
35	3.179517	-14.062500	3.210036	-4.648517	
36	4.687500	-14.856457	3.485907	-5.640115	
36	5.468750	-15.128638	3.634238	-6.071293	
37	5.468750	-15.128638	3.634238	-6.071293	
37	6.250000	-15.287177	3.774526	-6.431817	
38	3.125000	-14.031280	3.201489	-4.612211	
38	3.179517	-14.062500	3.210036	-4.648517	
39	2.343750	-13.483983	3.077209	-4.023576	
39	2.098120	-13.281250	3.040207	-3.819016	
40	2.343750	-13.483983	3.077209	-4.023576	
40	3.125000	-14.031280	3.201489	-4.612211	
41	1.562500	-12.839805	2.972021	-3.384547	
41	2.098120	-13.281250	3.040207	-3.819016	
42	1.562500	-12.839805	2.972021	-3.384547	
42	1.202294	-12.500000	2.931033	-3.066405	
43	0.781250	-12.093694	2.893058	-2.698034	
43	0.430747	-11.718750	2.868019	-2.371595	
44	0.781250	-12.093694	2.893058	-2.698034	
44	1.202294	-12.500000	2.931033	-3.066405	
45	0.000000	-11.234629	2.848435	-1.966135	
45	0.430747	-11.718750	2.868019	-2.371595	
46	10.306559	-12.500000	3.507113	-6.262025	
46	10.487650	-11.718750	3.230537	-5.937290	
47	10.487650	-11.718750	3.230537	-5.937290	
47	10.582065	-10.937500	2.923808	-5.603504	
48	10.582065	-10.937500	2.923808	-5.603504	
48	10.606462	-10.156250	2.591237	-5.267008	
49	10.606462	-10.156250	2.591237	-5.267008	
49	10.571853	-9.375000	2.236190	-4.932583	
50	10.571853	-9.375000	2.236190	-4.932583	
50	10.484821	-8.593750	1.861001	-4.603674	
51	10.484821	-8.593750	1.861001	-4.603674	
51	10.348427	-7.812500	1.466970	-4.282702	
52	10.348427	-7.812500	1.466970	-4.282702	
52	10.162980	-7.031250	1.054463	-3.971437	
53	10.156250	-7.008640	1.041911	-3.962346	
53	10.162980	-7.031250	1.054463	-3.971437	
54	9.946463	-6.250000	0.634256	-3.678828	
54	10.156250	-7.008640	1.041911	-3.962346	
55	9.365661	-4.687500	-0.252297	-3.138238	
55	9.375000	-4.711579	-0.238889	-3.145656	
56	9.365661	-4.687500	-0.252297	-3.138238	
56	9.019500	-3.906250	-0.702672	-2.902483	
57	9.019500	-3.906250	-0.702672	-2.902483	
57	8.611467	-3.125000	-1.166944	-2.687003	
58	9.946463	-6.250000	0.634256	-3.678828	
58	9.682346	-5.468750	0.198967	-3.400626	
59	9.375000	-4.711579	-0.238889	-3.145656	
59	9.682346	-5.468750	0.198967	-3.400626	
60	7.647550	-1.562500	-2.086918	-2.346866	
60	7.812500	-1.800551	-1.946491	-2.390870	
61	8.162436	-2.343750	-1.626330	-2.502151	
61	8.593750	-3.093611	-1.185826	-2.678841	
62	8.593750	-3.093611	-1.185826	-2.678841	
62	8.611467	-3.125000	-1.166944	-2.687003	
63	7.812500	-1.800551	-1.946491	-2.390870	
63	8.162436	-2.343750	-1.626330	-2.502151	
64	7.647550	-1.562500	-2.086918	-2.346866	
64	7.070632	-0.781250	-2.533608	-2.227985	
65	7.031250	-0.728052	-2.561920	-2.221610	
65	7.070632	-0.781250	-2.533608	-2.227985	
66	6.407453	0.000000	-2.960739	-2.148651	
66	7.031250	-0.728052	-2.561920	-2.221610	
67	5.644794	0.781250	-3.344110	-2.115123	
67	6.250000	0.193049	-3.050550	-2.137080	
68	5.468750	0.986358	-3.416215	-2.114382	
68	5.644794	0.781250	-3.344110	-2.115123	
69	4.792146	1.562500	-3.634217	-2.129859	
69	5.468750	0.986358	-3.416215	-2.114382	
70	4.687500	1.699674	-3.656847	-2.133943	
70	4.792146	1.562500	-3.634217	-2.129859	
71	4.040663	2.343750	-3.747137	-2.163757	
71	4.687500	1.699674	-3.656847	-2.133943	
72	3.906250	2.780838	-3.720112	-2.145070	
72	4.040663	2.343750	-3.747137	-2.163757	
73	3.806825	3.125000	-3.688947	-2.114621	
73	3.906250	2.780838	-3.720112	-2.145070	
74	3.806825	3.125000	-3.688947	-2.114621	
74	3.646525	3.906250	-3.589360	-1.983293	
75	3.646525	3.906250	-3.589360	-1.983293	
75	3.467769	4.687500	-3.473177	-1.781245	
76	3.467769	4.687500	-3.473177	-1.781245	
76	3.239678	5.468750	-3.352657	-1.518663	
77	3.125000	5.773105	-3.306868	-1.403233	
77	3.239678	5.468750	-3.352657	-1.518663	
78	2.968137	6.250000	-3.234261	-1.199317	
78	3.125000	5.773105	-3.306868	-1.403233	
79	6.250000	0.193049	-3.050550	-2.137080	
79	6.407453	0.000000	-2.960739	-2.148651	
80	2.968137	6.250000	-3.234261	-1.199317	
80	2.650030	7.031250	-3.123908	-0.827664	
81	2.343750	7.658891	-3.044803	-0.495582	
81	2.650030	7.031250	-3.123908	-0.827664	
82	2.273949	7.812500	-3.026645	-0.408273	
82	2.343750	7.658891	-3.044803	-0.495582	
83	2.273949	7.812500	-3.026645	-0.408273	
83	1.858156	8.593750	-2.945955	0.059187	
84	1.562500	9.075307	-2.906449	0.368607	
84	1.858156	8.593750	-2.945955	0.059187	
85	1.380382	9.375000	-2.886080	0.570695	
85	1.562500	9.075307	-2.906449	0.368607	
86	1.380382	9.375000	-2.886080	0.570695	
86	0.843877	10.156250	-2.850490	1.126369	
87	0.781250	10.240895	-2.848252	1.189201	
87	0.843877	10.156250	-2.850490	1.126369	
88	0.246436	10.937500	-2.843019	1.726237	
88	0.781250	10.240895	-2.848252	1.189201	
89	0.000000	11.234629	-2.848435	1.966135	
89	0.246436	10.937500	-2.843019	1.726237	
90	-7.031250	0.728052	2.561920	2.221610	
90	-7.070632	0.781250	2.533608	2.227985	
91	-7.031250	0.728052	2.561920	2.221610	
91	-6.407453	0.000000	2.960739	2.148651	
92	-7.070632	0.781250	2.533608	2.227985	
92	-7.647550	1.562500	2.086918	2.346866	
93	-7.812500	1.800551	1.946491	2.390870	
93	-7.647550	1.562500	2.086918	2.346866	
94	-7.812500	1.800551	1.946491	2.390870	
94	-8.162436	2.343750	1.626330	2.502151	
95	-8.593750	3.093611	1.185826	2.678841	
95	-8.162436	2.343750	1.626330	2.502151	
96	-8.593750	3.093611	1.185826	2.678841	
96	-8.611467	3.125000	1.166944	2.687003	
97	-8.611467	3.125000	1.166944	2.687003	
97	-9.019500	3.906250	0.702672	2.902483	
98	-9.019500	3.906250	0.702672	2.902483	
98	-9.365661	4.687500	0.252297	3.138238	
99	-9.375000	4.711579	0.238889	3.145656	
99	-9.365661	4.687500	0.252297	3.138238	
100	-9.375000	4.711579	0.238889	3.145656	
100	-9.682346	5.468750	-0.198967	3.400626	
101	-9.682346	5.468750	-0.198967	3.400626	
101	-9.946463	6.250000	-0.634256	3.678828	
102	-0.430747	11.718750	-2.868019	2.371595	
102	0.000000	11.234629	-2.848435	1.966135	
103	-0.781250	12.093694	-2.893058	2.698034	
103	-0.430747	11.718750	-2.868019	2.371595	
104	-1.202294	12.500000	-2.931033	3.066405	
104	-0.781250	12.093694	-2.893058	2.698034	
105	-10.156250	7.008640	-1.041911	3.962346	
105	-10.162980	7.031250	-1.054463	3.971437	
106	-10.156250	7.008640	-1.041911	3.962346	
106	-9.946463	6.250000	-0.634256	3.678828	
107	-10.162980	7.031250	-1.054463	3.971437	
107	-10.348427	7.812500	-1.466970	4.282702	
108	-10.348427	7.812500	-1.466970	4.282702	
108	-10.484821	8.593750	-1.861001	4.603674	
109	-10.484821	8.593750	-1.861001	4.603674	
109	-10.571853	9.375000	-2.236190	4.932583	
110	-10.571853	9.375000	-2.236190	4.932583	
110	-10.606462	10.156250	-2.591237	5.267008	
111	-10.606462	10.156250	-2.591237	5.267008	
111	-10.582065	10.937500	-2.923808	5.603504	
112	-10.582065	10.937500	-2.923808	5.603504	
112	-10.487650	11.718750	-3.230537	5.937290	
113	-10.487650	11.718750	-3.230537	5.937290	
113	-10.306559	12.500000	-3.507113	6.262025	
114	-10.306559	12.500000	-3.507113	6.262025	
114	-10.156250	12.924107	-3.640277	6.428463	
115	-10.156250	12.924107	-3.640277	6.428463	
115	-10.004620	13.281250	-3.745144	6.565353	
116	-10.004620	13.281250	-3.745144	6.565353	
116	-9.518402	14.062500	-3.931633	6.826038	
117	-9.518402	14.062500	-3.931633	6.826038	
117	-9.375000	14.236740	-3.964591	6.875426	
118	-7.031250	15.320027	-3.898056	6.715184	
118	-6.250000	15.287177	-3.774526	6.431817	
119	-7.812500	15.199692	-3.990792	6.906104	
119	-7.031250	15.320027	-3.898056	6.715184	
120	-9.375000	14.236740	-3.964591	6.875426	
120	-8.642314	14.843750	-4.027851	6.975549	
121	-8.593750	14.876433	-4.029636	6.978616	
121	-7.812500	15.199692	-3.990792	6.906104	
122	-8.642314	14.843750	-4.027851	6.975549	
122	-8.593750	14.876433	-4.029636	6.978616	
123	-3.179517	14.062500	-3.210036	4.648517	
123	-3.125000	14.031280	-3.201489	4.612211	
124	-4.661428	14.843750	-3.480454	5.623150	
124	-3.906250	14.496226	-3.341239	5.157982	
125	-3.906250	14.496226	-3.341239	5.157982	
125	-3.179517	14.062500	-3.210036	4.648517	
126	-4.687500	14.856457	-3.485907	5.640115	
126	-4.661428	14.843750	-3.480454	5.623150	
127	-5.468750	15.128638	-3.634238	6.071293	
127	-4.687500	14.856457	-3.485907	5.640115	
128	-6.250000	15.287177	-3.774526	6.431817	
128	-5.468750	15.128638	-3.634238	6.071293	
129	-2.098120	13.281250	-3.040207	3.819016	
129	-1.562500	12.839805	-2.972021	3.384547	
130	-2.343750	13.483983	-3.077209	4.023576	
130	-2.098120	13.281250	-3.040207	3.819016	
131	-3.125000	14.031280	-3.201489	4.612211	
131	-2.343750	13.483983	-3.077209	4.023576	
132	-1.562500	12.839805	-2.972021	3.384547	
132	-1.202294	12.500000	-2.931033	3.066405	
